1012
983
1011
1008
1002
1001
978
979
1046
1011
995
1033
993
969
993
1007
909
982
959
1037
1033
1048
1006
977
967
973
980
975
1021
1034
1018
994
1014
976
1004
1017
1001
985
995
998
977
1024
1046
959
958
1045
994
993
1004
1006
997
1037
1037
1029
983
1059
1012
1045
971
990
1008
1042
1009
1005
986
1024
973
1024
1001
1056
967
1015
1031
1007
962
1015
1028
987
1041
1035
1014
1023
971
1014
1005
1010
1014
972
992
992
967
1006
983
1038
981
930
1009
957
1048
949
986
1024
1025
1074
1012
1013
1025
949
1020
1022
970
962
966
1055
1048
1011
984
976
1026
998
950
1047
999
1016
989
985
997
1032
963
1010
977
1010
1021
1012
987
977
1006
993
985
1024
1024
1003
957
992
976
1004
996
977
1024
987
1017
994
1021
1052
985
994
1023
995
1005
1020
1037
922
976
1013
1057
1033
984
1056
981
1002
1033
999
1010
1042
946
1032
1015
1037
936
1016
978
1013
1018
1016
973
1034
992
984
1005
998
998
1003
971
1002
1027
958
1013
1040
1027
988
966
958
1005
1023
964
1019
912
975
1016
1016
1044
1013
978
1002
989
1017
927
982
1045
1030
1033
991
1035
1001
999
986
995
974
992
969
993
990
995
970
1022
1013
1004
977
1015
981
1032
1024
989
1005
1009
1046
1002
1044
989
1046
976
988
1040
989
986
1044
1011
1024
1002
1024
1016
1016
1020
965
1009
994
1010
1014
954
966
1014
990
1033
1012
990
993
969
1030
1047
929
1028
969
983
930
1016
957
1035
942
980
1032
984
981
984
1028
1018
994
1021
959
975
1000
1030
999
1061
996
1026
976
985
1016
990
1051
1045
972
1044
1007
927
1021
984
966
1039
1012
947
944
1030
1054
1041
1045
1029
960
988
1002
1028
995
953
1035
983
1037
1012
1020
965
987
1032
998
976
974
1001
983
966
1003
998
985
1011
1009
989
973
977
1049
965
948
1018
964
1026
1006
1009
1011
987
1009
994
1026
1028
995
1013
1033
987
953
1004
909
980
1033
1068
970
982
1019
998
995
1027
1029
1009
994
964
1038
941
988
1039
1044
1018
1038
1002
1006
1031
998
992
995
1007
1003
1010
1002
1006
981
913
989
936
1051
1007
1029
987
1009
1040
1007
1051
996
1016
1036
1055
1087
965
1050
983
1025
1023
1042
1000
994
976
987
991
953
1017
962
1071
989
1003
977
1002
1024
982
1016
1041
1008
1048
987
977
1015
963
1045
1011
1026
996
1025
990
1009
946
969
933
1017
1003
956
970
1017
970
1042
1009
1028
1014
1008
929
993
999
951
1053
971
987
1017
1006
941
999
994
996
1037
1000
1018
1006
967
1078
1004
995
1025
1023
960
950
1008
999
990
972
1018
1027
1039
989
1027
1057
1048
1023
975
1018
971
1021
1018
1003
1022
994
995
976
953
970
1035
987
969
970
998
983
1010
995
984
979
1006
987
1013
1008
1025
964
1024
971
961
969
942
1030
895
997
964
1047
975
981
991
1014
991
1023
945
988
1032
989
953
1043
959
997
1034
991
972
1025
963
965
967
995
1025
1001
1008
1007
966
1037
989
1027
1041
986
1022
965
978
991
981
966
1020
1033
959
960
967
1000
989
982
972
1021
1009
1054
979
960
1004
973
1065
988
980
976
1010
990
993
976
963
995
1016
1006
996
1046
1024
985
1017
980
1029
942
972
1014
1020
968
963
996
1029
980
1053
974
982
964
999
936
958
994
1033
978
963
997
1018
1044
989
987
1008
1008
1039
1055
989
992
1023
1025
986
1030
1017
996
1004
1000
1038
989
937
1011
987
990
1012
967
1003
1018
1023
1034
1058
924
976
1047
950
972
1006
1052
1009
999
925
1037
972
971
1054
976
1026
964
1005
1061
980
1004
1015
982
993
969
990
965
1023
970
985
973
964
1006
960
1029
1018
1026
978
967
982
991
963
1014
999
1044
1052
1015
987
1040
951
1028
960
1018
1026
1036
1080
1017
988
1009
990
954
1034
985
985
963
1005
1004
984
913
1014
961
1001
958
1021
1078
1004
971
1013
1006
992
965
991
1022
963
979
1021
988
1049
1020
954
1004
1003
963
974
982
1030
988
1014
987
963
985
1060
1026
931
1001
1036
1026
1064
973
933
1023
1027
986
1060
931
1001
969
1009
963
1025
1021
1001
996
1013
1071
1020
991
1035
1015
963
1025
994
1025
975
1020
985
1041
1020
961
1026
1004
1068
1034
1066
992
1013
997
939
985
985
956
1048
1043
1003
1052
1038
1029
1031
969
992
1033
958
951
1055
1039
931
943
1013
1010
981
996
1046
993
968
1013
991
982
1044
991
973
994
958
999
1015
992
1031
1042
1020
1000
977
987
1009
1001
1067
923
983
1015
1019
1006
958
1057
959
1019
1025
1020
979
1008
994
1031
1002
936
1007
996
1010
1020
1035
978
1025
986
981
1010
974
1004
1034
1021
992
979
959
994
1042
1010
957
1002
995
958
1011
970
1054
988
973
934
948
942
952
983
1060
1003
989
1005
1009
1075
966
988
1046
1001
994
944
1014
957
997
1020
1019
1017
957
1048
986
1041
992
952
1020
1051
995
969
987
1021
1025
986
972
984
995
1017
974
1002
974
1058
987
983
1058
924
960
999
964
979
1014
1004
946
1025
1017
990
983
1023
956
978
996
999
1027
972
1011
1017
943
1021
1001
1033
1016
1003
999
1010
983
1062
989
1015
964
1027
1058
972
941
