192
192
208
214
186
183
216
186
200
185
193
186
208
212
195
234
181
210
190
209
183
210
188
231
207
198
212
201
199
193
193
159
178
216
177
201
209
175
208
198
187
175
178
209
175
192
197
202
198
180
199
203
199
197
208
192
191
202
217
169
188
195
177
196
196
205
227
199
186
192
198
197
212
212
186
235
199
207
199
216
209
208
186
187
190
201
216
203
192
201
207
208
193
182
189
225
202
199
201
175
208
192
208
191
189
191
198
192
188
206
201
210
226
224
203
167
206
220
218
213
186
205
224
208
211
194
219
208
200
181
216
177
179
202
193
188
178
174
205
166
196
206
209
206
218
208
187
195
203
189
199
169
230
190
199
217
212
207
219
180
207
198
225
214
191
205
211
195
200
186
195
194
187
202
186
189
221
218
188
206
215
204
195
192
217
201
199
197
191
232
199
200
178
204
192
182
193
210
213
190
189
180
211
223
200
188
203
195
185
214
212
202
201
212
205
233
204
199
200
205
198
213
192
210
204
212
196
193
204
186
215
208
215
191
179
200
212
202
225
205
201
215
203
197
201
220
226
227
205
214
188
197
203
197
190
198
207
183
190
195
199
216
199
200
215
180
191
201
192
186
192
182
203
194
208
191
206
211
183
181
169
219
200
227
166
198
184
198
169
221
188
212
203
189
186
180
210
213
218
210
198
197
200
192
208
180
214
188
204
198
224
200
187
189
206
196
221
181
213
189
189
174
202
211
175
186
191
191
202
180
203
188
210
184
190
199
201
202
219
206
200
239
190
194
209
203
201
195
181
174
189
162
211
209
189
186
215
179
198
209
181
187
209
207
216
205
190
206
196
176
212
191
209
210
201
185
241
214
196
203
204
199
218
210
186
190
184
204
203
198
173
206
203
194
207
210
219
209
204
197
213
201
203
196
216
191
199
183
185
219
199
200
212
207
202
209
196
238
216
208
199
204
171
185
213
180
201
170
199
202
215
209
185
169
186
209
194
208
226
197
182
197
201
207
207
201
190
203
198
206
211
217
207
212
191
193
202
199
196
204
193
200
210
180
201
192
216
197
216
198
184
208
186
224
183
182
207
218
186
195
225
213
205
180
209
198
194
217
194
209
228
194
179
210
191
215
199
222
193
201
211
203
199
184
205
211
200
202
225
200
195
210
209
199
210
198
198
191
204
191
202
188
189
205
199
192
192
217
192
212
218
207
202
208
196
190
197
212
190
214
190
203
196
167
195
209
180
209
198
165
208
222
196
235
213
172
196
191
167
206
213
212
225
190
195
219
192
211
206
228
203
221
198
189
222
221
193
186
206
202
189
195
208
199
209
218
194
200
193
209
211
188
179
198
213
226
202
187
209
174
220
197
198
199
212
198
200
206
203
185
210
218
202
188
207
194
199
203
199
190
175
182
191
212
205
188
221
206
185
187
213
208
207
174
209
189
212
184
231
193
214
219
212
212
200
217
199
200
201
191
201
195
196
196
176
218
190
211
209
154
209
213
224
167
208
187
220
207
216
187
174
202
167
181
208
200
208
233
218
208
217
199
210
200
186
184
211
184
203
210
188
188
211
189
181
198
194
190
193
182
200
203
214
204
207
175
187
196
199
191
209
205
215
195
202
208
203
224
213
177
195
196
220
213
200
168
210
207
188
200
202
219
177
197
217
206
198
180
171
207
199
180
226
209
233
205
199
202
201
173
237
202
198
193
202
192
190
201
234
200
196
190
220
220
197
208
229
211
201
198
208
192
209
184
204
202
224
198
195
205
184
198
200
216
168
197
187
196
180
197
212
217
195
182
226
182
194
205
203
199
208
193
212
209
199
185
212
192
222
191
210
195
176
192
198
184
225
199
208
180
236
195
213
194
215
190
207
173
207
196
203
200
176
175
200
211
210
186
200
184
190
205
204
210
197
198
213
192
220
200
211
189
192
201
186
194
211
188
220
162
213
194
204
209
180
214
210
221
209
176
206
178
213
196
191
226
188
194
183
217
186
192
203
220
215
210
190
207
209
192
182
221
208
206
194
194
205
179
190
205
219
180
220
195
196
201
184
193
182
227
248
206
189
204
205
199
209
202
176
196
186
192
203
216
193
208
211
195
190
216
219
215
192
174
196
196
208
204
199
196
199
175
201
225
190
189
176
174
201
202
223
218
192
185
200
228
195
192
193
179
184
202
201
201
200
220
206
207
191
205
180
186
184
220
195
186
219
217
212
191
183
184
193
190
236
197
212
202
182
227
192
187
212
216
196
203
204
190
204
204
