2001
1998
1989
1963
2030
1957
1947
2003
2046
2009
1984
2004
1911
2007
2011
2021
2086
2056
1991
1966
1974
1945
1993
1980
1995
2028
1973
2016
2033
1960
1927
2042
2077
2007
1988
1992
1965
2003
1975
1991
1986
1966
2016
1980
1991
2021
1937
1991
2091
2006
1952
2043
2014
2022
1990
1991
1972
2010
1914
2057
2074
1996
1938
1973
2022
2003
2007
2102
2015
2035
1979
2001
1973
2015
1976
1976
2019
2003
2059
2011
2000
2028
2010
2043
1981
1992
2012
1984
2039
1964
1928
1940
1970
2023
2104
2002
2008
2040
1958
2003
