97
102
95
82
89
105
92
108
115
99
99
101
97
117
110
99
94
117
106
96
94
99
114
88
102
90
104
103
98
102
88
85
120
101
90
97
113
111
107
107
103
107
86
105
94
97
104
97
101
99
84
100
98
130
101
97
109
104
97
120
97
98
110
94
100
102
101
110
110
99
88
84
90
102
89
104
92
99
107
104
97
102
100
101
76
107
99
100
87
106
100
104
108
119
100
114
91
101
107
98
107
109
97
91
91
105
99
98
107
91
99
97
89
93
93
98
95
102
107
91
96
110
105
99
94
90
106
87
101
110
94
133
101
117
103
102
100
104
105
93
79
101
105
116
82
100
97
78
98
110
112
94
115
104
83
82
93
100
102
101
99
106
92
87
106
114
110
101
95
103
95
111
98
98
105
79
98
86
104
113
112
87
97
100
107
73
91
104
81
119
90
107
108
89
81
99
93
113
113
99
101
91
95
96
108
106
85
101
113
85
95
89
89
81
103
100
100
98
90
108
102
108
103
100
89
100
97
96
100
102
115
124
107
107
109
104
88
83
89
89
84
96
107
108
93
107
105
89
86
111
96
101
88
115
105
94
112
87
91
103
121
97
108
103
99
82
123
102
99
92
124
90
88
87
105
97
103
89
105
86
76
106
119
84
83
103
85
79
117
101
102
73
113
107
96
108
89
90
85
109
99
96
108
88
104
80
85
113
95
94
105
97
98
100
102
108
105
93
103
80
91
104
132
102
94
91
101
107
122
111
89
102
101
97
105
107
97
90
107
93
104
107
87
102
103
93
99
90
101
86
96
105
98
88
107
123
126
107
95
111
112
112
90
106
93
100
103
105
98
105
100
89
79
97
78
86
84
100
118
99
92
99
105
119
117
111
103
112
103
90
100
97
104
79
100
112
105
93
104
99
89
93
116
97
97
78
81
106
111
97
114
99
100
96
84
102
112
86
102
112
83
81
91
124
98
92
111
104
104
107
108
110
95
106
86
118
105
116
88
101
113
100
113
82
106
103
113
95
99
110
88
91
99
115
122
102
81
115
108
109
107
92
100
97
103
89
97
99
98
93
96
99
123
100
109
98
83
87
95
104
99
104
111
99
96
102
100
106
98
86
112
95
105
116
90
100
106
89
116
94
106
109
86
100
105
99
102
99
103
103
110
105
89
99
84
108
109
94
94
79
121
99
85
95
96
104
95
96
109
107
92
86
91
103
100
84
93
98
111
99
104
86
104
90
118
107
92
92
108
102
98
101
102
87
101
111
107
96
83
123
92
93
79
101
98
76
78
108
99
110
77
110
82
77
100
112
109
104
97
113
104
82
92
108
100
98
98
86
103
90
97
124
95
110
92
101
77
96
112
104
91
104
100
106
104
79
100
94
110
92
86
95
125
77
103
105
94
83
106
112
106
106
98
108
86
96
109
87
105
93
105
93
110
117
102
105
112
100
109
92
82
113
110
109
107
89
113
97
82
98
96
108
102
90
80
105
114
118
106
88
100
111
96
115
107
116
111
111
98
102
112
95
80
115
100
101
107
91
102
92
96
99
104
92
107
84
93
89
89
101
103
101
91
101
119
95
110
86
83
124
95
116
100
86
117
87
111
104
93
108
96
91
111
108
100
98
93
107
101
97
94
88
103
116
108
100
85
99
97
104
96
89
98
102
88
101
115
110
91
102
114
104
98
107
112
93
92
102
110
99
82
100
96
106
99
127
88
98
91
108
103
98
96
95
112
104
100
90
112
100
110
91
112
91
90
91
101
105
88
106
113
91
106
94
106
82
104
112
92
94
103
120
90
97
99
99
82
103
97
120
84
99
88
97
93
90
120
105
121
101
97
97
107
94
97
104
98
91
104
98
91
94
106
90
99
87
93
105
121
101
105
93
100
104
94
98
103
114
95
106
87
91
99
112
108
117
108
100
95
113
102
98
90
98
93
114
86
91
106
99
91
101
103
108
108
92
98
106
85
87
90
98
125
113
99
117
91
114
99
110
98
112
100
111
113
106
90
99
98
88
114
103
103
107
102
88
110
107
108
85
105
104
102
113
112
100
103
129
82
90
100
99
91
91
91
104
129
85
115
126
92
103
103
103
106
80
105
95
85
102
97
103
95
97
80
103
96
109
98
105
106
109
97
102
102
98
88
106
99
103
105
117
103
107
110
102
84
117
100
94
92
103
108
119
106
110
109
98
86
93
85
100
119
114
122
88
93
92
87
122
102
114
104
96
114
81
86
86
103
90
109
96
108
108
94
92
82
94
113
108
