5
6
10
12
7
20
13
20
20
20
27
26
23
30
35
43
38
33
33
58
31
59
48
55
57
52
57
60
65
60
68
86
64
73
73
88
71
73
100
78
90
95
87
83
80
80
106
105
115
111
101
112
103
118
132
111
138
120
136
109
135
113
139
149
137
141
151
143
153
145
149
163
149
174
184
173
181
153
168
164
184
170
193
168
167
190
176
164
167
183
175
204
207
194
170
226
198
178
206
204
217
198
204
249
198
200
206
216
251
218
230
255
253
234
236
220
234
262
258
261
249
246
280
244
277
247
274
261
237
268
258
282
251
290
309
292
287
298
290
255
296
295
274
299
339
322
283
293
296
305
343
295
295
315
329
322
347
317
337
352
323
294
383
320
351
353
380
346
371
367
356
354
363
400
360
385
336
386
412
353
369
368
378
414
380
408
372
382
382
420
400
421
429
399
418
386
420
404
435
421
420
463
400
458
464
407
417
427
412
485
430
439
446
439
473
457
477
446
427
459
474
436
495
456
499
466
463
492
506
485
489
486
468
511
536
449
479
527
488
501
501
531
506
516
498
543
508
507
525
523
536
547
534
520
528
495
543
505
483
551
549
556
555
515
550
584
563
558
553
547
559
575
581
569
555
601
572
575
568
579
570
556
581
557
577
574
590
622
606
599
607
638
601
627
598
573
604
651
623
643
647
596
610
661
650
642
624
660
648
635
627
653
667
654
685
629
635
642
695
683
660
713
649
630
756
672
683
645
688
657
731
688
695
663
708
722
699
693
722
689
692
646
675
740
712
713
700
693
709
723
709
715
737
717
707
735
743
731
690
780
793
749
745
715
726
771
767
737
734
744
742
790
782
796
731
782
790
840
772
762
774
752
769
829
796
817
814
835
822
802
817
817
809
791
851
839
843
839
803
823
805
817
802
820
870
841
817
816
907
830
859
848
831
859
871
811
877
848
790
926
831
859
944
887
885
855
895
825
860
874
887
864
901
882
930
903
871
940
892
884
908
903
877
888
909
905
906
955
846
911
929
923
914
901
928
897
951
937
966
958
891
942
989
916
930
1001
981
966
952
930
982
981
959
937
1007
977
958
977
932
1006
936
992
990
993
957
1014
932
1038
980
1059
1003
1031
1021
996
1007
1030
998
968
1022
985
1092
1021
1000
1013
1025
1083
980
937
1025
1031
1037
1025
1119
1081
1007
1065
1004
1129
1053
1056
992
1033
1060
1061
1058
1081
1061
1060
1082
1087
1100
1136
1120
1081
1090
1099
1086
1034
1090
1125
1058
1114
1076
1126
1134
1115
1113
1073
1075
1071
1085
1164
1129
1104
1132
1108
1159
1193
1087
1142
1106
1072
1149
1144
1150
1170
1129
1148
1179
1149
1098
1114
1162
1148
1133
1197
1186
1220
1161
1206
1184
1119
1193
1208
1219
1163
1248
1186
1182
1140
1145
1171
1154
1210
1197
1248
1212
1217
1168
1264
1243
1167
1257
1214
1211
1265
1204
1220
1261
1213
1248
1225
1207
1297
1227
1180
1304
1185
1213
1256
1273
1275
1184
1238
1251
1185
1267
1286
1266
1241
1283
1284
1268
1212
1258
1286
1286
1333
1284
1292
1241
1305
1314
1304
1262
1262
1239
1310
1305
1301
1300
1287
1268
1283
1293
1328
1301
1317
1319
1307
1394
1327
1406
1306
1329
1349
1390
1360
1341
1374
1345
1325
1332
1320
1317
1260
1342
1320
1340
1416
1316
1355
1361
1363
1346
1386
1355
1357
1392
1351
1355
1434
1359
1398
1360
1382
1388
1383
1431
1436
1428
1393
1345
1365
1406
1386
1388
1392
1417
1379
1431
1459
1379
1415
1418
1419
1402
1443
1405
1426
1452
1476
1429
1378
1421
1504
1440
1420
1394
1434
1438
1530
1439
1496
1463
1488
1436
1420
1452
1449
1531
1440
1495
1386
1446
1405
1461
1484
1488
1474
1471
1497
1484
1518
1498
1512
1524
1550
1513
1547
1556
1479
1501
1450
1491
1542
1548
1552
1547
1494
1507
1522
1522
1549
1504
1543
1539
1569
1517
1531
1480
1600
1538
1538
1512
1523
1526
1481
1570
1502
1514
1602
1563
1530
1556
1578
1579
1517
1535
1578
1599
1523
1586
1596
1556
1599
1552
1556
1622
1579
1651
1655
1627
1595
1576
1629
1615
1612
1547
1636
1614
1601
1562
1554
1602
1633
1605
1577
1697
1674
1670
1694
1682
1645
1657
1613
1655
1630
1649
1599
1751
1672
1632
1709
1672
1696
1645
1680
1677
1691
1623
1680
1598
1690
1642
1696
1659
1637
1654
1684
1727
1653
1752
1649
1629
1698
1698
1729
1732
1724
1712
1688
1679
1661
1725
1719
1748
1816
1681
1808
1673
1773
1747
1717
1742
1790
1700
1726
1690
1719
1770
1787
1767
1800
1801
1788
1741
1737
1707
1777
1766
1777
1754
1729
1781
1685
1768
1851
1825
1801
1761
1751
1882
1830
1736
1877
1752
1790
1801
1788
1850
1756
1792
1762
1783
1874
1788
1837
1751
1776
1787
1777
1836
1779
1840
1780
1818
1809
1807
1872
1799
1764
1843
1794
1828
1791
1820
1879
1857
1829
1845
1833
1884
1843
1821
1900
1892
1858
1869
1855
1847
1955
1863
1885
1943
1848
1880
1790
1903
1873
1790
1854
1882
1861
1947
1925
1916
1943
1865
1863
1896
1886
1860
1952
1867
1876
1944
1933
1969
1930
1957
1952
1876
1894
1949
1943
1905
1845
1927
1892
