0
0
0
0
0
0
1
0
0
0
0
0
0
2
0
0
0
1
0
0
0
0
0
1
1
1
0
0
0
0
1
0
1
4
0
1
1
0
0
0
0
2
1
1
2
1
0
1
3
0
1
2
1
2
2
1
3
2
0
0
2
1
1
0
1
1
0
3
1
0
0
1
1
1
1
0
1
0
0
1
4
1
0
0
2
6
1
0
0
4
2
0
5
2
0
1
1
0
2
1
1
3
3
2
1
2
3
2
1
2
3
3
1
4
3
5
2
1
1
1
0
4
1
5
1
2
2
1
2
0
3
4
2
4
4
2
2
3
5
2
5
4
2
1
1
5
8
4
2
1
3
3
0
5
3
2
2
2
0
3
3
2
2
3
6
4
6
5
3
1
3
5
6
3
12
6
3
1
9
3
2
2
8
1
4
0
1
4
5
0
6
2
6
0
4
5
4
7
8
3
4
2
4
4
4
5
3
4
6
3
4
5
7
7
6
6
3
6
2
5
5
4
7
6
3
7
7
4
11
5
3
7
3
6
6
9
5
2
5
5
6
5
6
5
3
9
7
6
2
5
5
4
4
11
7
7
3
4
8
5
3
5
7
9
4
4
5
6
2
7
4
3
4
2
5
12
8
4
5
6
10
6
5
13
1
8
6
2
7
6
8
4
6
7
3
10
5
3
6
5
4
5
9
6
5
9
7
4
7
4
6
7
7
7
8
6
14
7
8
5
10
4
10
13
11
7
8
9
6
8
5
6
6
4
2
7
10
5
7
9
5
8
10
7
3
9
6
5
6
4
6
9
10
10
9
9
12
11
11
6
4
7
11
13
9
7
10
16
2
7
4
6
12
5
6
10
7
5
8
13
6
8
6
13
5
4
7
7
7
6
10
7
8
9
8
6
11
8
10
6
2
7
7
10
12
11
6
4
10
10
4
5
11
8
11
9
11
5
7
12
5
8
8
11
11
9
4
10
11
10
14
8
3
11
10
9
7
8
8
11
7
9
11
7
14
6
15
9
8
4
9
11
7
9
16
9
12
7
11
2
9
5
10
10
9
6
9
4
10
5
9
12
10
14
11
14
12
10
10
4
9
10
14
11
7
12
8
5
10
10
7
10
12
7
9
9
15
9
7
8
6
8
6
12
12
11
5
12
13
15
12
15
17
8
6
12
3
4
10
7
14
13
10
11
10
13
13
11
15
9
6
19
10
12
10
14
13
7
9
13
8
13
16
10
6
7
8
11
17
16
7
12
15
11
7
13
12
12
8
10
12
12
12
6
14
17
10
14
8
6
11
14
11
12
15
4
12
13
23
11
9
20
12
10
1
15
13
17
7
17
9
10
7
12
16
8
14
13
13
16
15
12
9
14
12
13
9
15
15
13
11
10
9
9
15
21
14
13
17
14
10
12
16
10
14
14
13
12
13
19
18
11
8
11
10
11
8
16
11
11
10
12
9
10
14
25
11
11
12
9
17
8
12
16
14
16
11
14
21
6
9
14
14
12
17
9
9
13
8
12
14
9
12
9
9
11
17
20
16
17
19
10
10
14
12
10
16
11
19
12
16
17
9
15
16
6
8
12
4
15
15
20
13
13
17
15
14
16
17
8
13
20
14
11
8
18
13
15
13
15
14
16
15
10
16
11
15
12
12
18
20
14
17
16
16
19
18
12
18
12
12
15
11
16
23
17
13
22
15
14
14
14
12
14
9
12
21
15
19
15
17
9
14
12
19
13
21
17
16
14
14
20
11
19
15
18
12
13
18
19
15
18
12
11
18
15
20
14
16
17
18
17
13
15
18
25
16
23
19
17
19
17
24
15
16
15
17
18
16
16
10
14
19
14
18
24
15
14
13
17
16
15
16
18
17
21
22
24
16
16
17
15
15
11
15
21
15
8
16
15
16
21
19
17
15
13
22
11
18
13
18
22
27
15
20
10
14
12
15
22
18
21
18
21
20
26
18
20
22
12
18
12
15
14
22
14
16
8
14
22
26
10
18
25
17
16
21
20
23
11
22
23
17
12
20
17
20
22
24
18
9
18
17
23
23
14
22
24
22
17
17
22
23
21
17
18
14
20
22
19
16
17
15
17
20
13
12
15
19
13
18
24
16
12
23
19
22
25
21
18
20
21
24
23
17
25
13
20
25
17
21
20
23
22
20
17
17
22
23
13
17
21
21
19
20
30
15
13
23
20
28
20
24
17
20
25
22
25
22
16
27
18
21
28
19
21
21
23
18
20
21
19
17
19
17
19
15
18
23
15
22
25
15
22
17
23
23
16
19
17
19
18
20
14
19
17
28
16
22
15
13
17
21
23
19
15
24
17
27
13
22
15
29
31
21
30
23
18
21
27
25
16
26
22
16
18
15
21
28
26
26
18
22
26
19
33
25
25
19
29
16
22
17
24
23
14
25
24
21
26
26
21
23
20
22
20
27
26
19
19
25
24
30
24
28
21
15
30
24
18
24
17
16
15
28
18
15
22
33
13
20
21
25
27
23
18
25
30
23
25
20
20
35
26
20
21
28
25
26
22
21
18
23
22
19
20
28
26
25
17
21
28
24
29
22
25
27
24
19
36
24
23
27
27
27
23
25
18
20
25
23
26
24
29
28
21
30
22
20
28
19
20
13
25
27
15
20
31
19
20
28
8
37
27
28
27
20
19
25
33
27
22
36
24
30
25
24
32
29
23
19
21
23
36
16
18
26
29
27
22
22
17
27
12
36
33
24
29
17
26
28
33
32
20
31
19
23
29
17
27
29
27
18
26
20
22
27
31
36
24
26
32
26
15
28
20
23
18
24
24
26
22
28
29
28
31
30
22
25
20
22
26
19
25
24
35
29
12
19
18
27
17
15
27
14
22
24
30
22
15
28
24
30
27
23
26
28
24
29
29
24
31
29
27
37
22
20
24
26
21
36
28
15
26
33
23
24
22
17
38
23
29
25
23
16
31
21
32
25
32
28
18
24
27
29
26
22
24
24
27
26
31
26
30
30
34
24
24
32
31
38
29
28
28
27
27
21
24
31
21
30
25
19
43
31
22
35
29
28
30
33
25
27
36
29
24
25
27
28
28
29
21
23
12
31
18
29
34
25
29
20
34
23
25
19
29
37
26
42
26
32
30
20
25
26
33
36
37
40
25
27
22
30
32
26
32
27
27
28
25
30
29
24
34
24
25
28
33
25
34
26
25
33
25
20
25
24
38
33
20
28
31
37
30
27
19
29
29
34
38
35
29
23
40
31
30
35
28
28
27
31
16
27
31
34
20
26
25
26
33
26
28
29
32
27
21
28
35
36
23
31
33
24
27
28
28
29
21
36
36
33
32
30
46
30
31
41
20
27
29
26
18
30
29
35
30
26
27
30
25
25
35
22
28
28
30
15
37
25
22
35
34
30
16
31
24
28
33
24
25
26
33
32
29
21
21
23
29
25
26
32
33
34
29
36
26
32
27
31
35
26
29
28
30
21
28
26
38
29
46
33
34
29
42
28
34
30
22
33
33
30
21
32
36
28
37
36
33
46
41
25
31
34
33
37
29
39
32
26
39
41
39
36
34
46
38
25
32
35
24
30
37
32
35
36
35
36
32
31
34
33
36
29
27
33
33
29
34
31
35
33
31
45
27
39
31
29
31
35
34
36
45
41
33
28
33
26
34
28
37
28
44
34
37
38
30
31
37
28
32
40
44
29
36
33
36
37
34
38
29
36
30
36
38
37
30
30
34
39
39
32
29
35
18
27
33
43
39
32
30
30
24
28
31
46
31
25
24
30
31
40
29
25
15
37
34
31
29
37
31
42
38
44
30
32
40
37
31
35
35
33
28
40
37
32
37
27
35
35
26
33
27
39
30
39
39
44
34
40
40
27
30
34
30
37
28
28
35
31
21
28
36
38
32
35
37
24
32
37
35
35
28
29
30
29
36
24
37
40
29
37
35
30
31
36
32
32
40
35
30
29
30
32
29
38
37
37
39
38
29
36
31
36
31
41
37
38
41
39
44
31
56
34
31
42
42
34
34
25
33
36
34
37
34
38
39
31
32
32
35
31
36
35
37
32
32
34
42
30
29
33
36
35
37
37
35
37
31
34
48
36
29
39
37
42
45
32
35
35
35
35
38
31
38
42
33
43
41
31
49
45
42
32
33
32
43
36
37
32
37
27
38
35
34
45
37
45
34
43
33
39
32
43
38
35
33
33
42
51
48
33
43
36
34
42
47
45
48
34
37
30
38
36
36
40
28
34
31
20
39
47
41
44
41
41
43
45
46
46
42
37
49
31
59
39
43
30
34
37
36
43
37
34
37
35
33
36
33
44
35
36
46
35
32
32
31
34
40
52
43
40
40
48
40
44
35
44
40
54
33
38
42
60
42
40
40
41
41
52
48
42
38
37
38
49
33
43
50
44
42
33
36
32
36
46
44
39
49
39
40
38
47
46
38
48
50
45
37
41
50
49
36
39
43
35
36
41
40
42
27
41
34
46
41
31
43
54
33
33
38
40
37
41
37
35
39
36
33
37
52
35
39
39
34
48
24
38
43
35
45
29
45
46
39
29
47
31
53
40
45
48
33
34
37
45
40
32
46
38
50
41
41
38
44
38
50
41
28
52
37
45
46
39
38
49
43
38
42
47
34
31
34
38
41
39
42
34
40
34
48
41
38
36
42
48
37
26
39
38
53
33
56
40
44
45
40
41
48
44
36
41
40
47
43
43
41
47
40
42
46
44
42
28
50
44
40
38
44
39
42
54
46
38
51
37
51
41
35
31
43
47
44
49
44
44
39
39
40
49
53
39
53
54
42
45
33
36
42
41
36
46
37
49
46
38
49
56
51
35
42
43
51
47
52
36
49
47
44
49
42
47
46
39
33
36
45
52
44
51
30
36
54
47
43
45
43
42
40
36
43
36
47
38
35
50
40
41
47
48
40
39
40
58
43
49
47
46
33
36
40
43
50
53
56
28
50
37
42
47
51
60
44
54
53
44
39
40
50
52
34
49
38
43
46
46
31
51
53
36
37
35
48
41
45
36
37
50
53
47
39
36
35
60
48
62
43
45
53
42
40
48
45
41
43
47
53
42
43
39
42
56
55
46
47
42
46
36
50
47
45
50
39
50
36
55
44
47
35
35
56
33
39
39
52
46
48
44
57
51
38
45
43
49
36
46
53
51
45
44
42
61
61
37
46
55
33
37
47
52
47
38
44
44
54
36
40
52
32
43
45
59
44
37
48
40
39
39
46
46
44
46
41
50
53
49
32
34
57
52
50
48
41
50
39
31
55
47
44
47
45
43
53
40
43
41
52
48
53
49
48
46
48
43
43
50
57
44
51
54
33
45
44
50
46
40
36
44
46
57
43
49
52
48
56
40
51
56
50
43
44
37
50
47
47
46
41
44
53
46
57
50
38
35
52
45
46
51
55
46
49
59
37
35
49
44
51
45
54
53
45
48
54
49
42
40
60
64
42
40
41
56
62
60
40
44
53
37
52
49
52
48
64
43
40
54
49
47
42
46
55
55
36
59
59
61
41
48
52
40
38
46
53
56
37
54
61
49
48
39
57
43
46
43
52
46
40
55
53
44
54
56
47
45
62
46
53
55
62
46
52
49
49
48
51
53
48
45
44
59
46
45
52
50
46
49
53
51
52
54
65
44
60
49
45
52
42
50
43
58
44
63
58
49
51
63
41
48
48
37
51
46
46
50
62
47
54
55
50
51
58
53
53
52
47
36
44
50
55
48
51
44
55
59
41
52
47
52
55
52
54
41
45
45
61
49
71
48
48
58
51
63
67
49
46
43
64
60
58
41
46
47
40
48
56
57
40
50
49
52
49
57
54
46
49
53
55
43
47
54
53
51
45
56
56
57
50
58
61
43
51
49
39
47
50
52
47
49
45
40
60
46
54
60
57
68
54
44
56
52
43
52
57
43
60
60
49
45
36
61
40
43
57
51
50
57
45
51
45
59
57
54
58
56
57
50
51
55
34
50
50
59
65
48
61
46
70
54
45
44
53
56
57
53
44
33
54
47
61
57
45
50
45
60
62
47
56
48
58
56
56
51
56
55
59
52
51
49
51
55
49
38
64
54
52
52
48
63
62
45
62
52
51
52
50
62
41
50
51
39
46
54
48
47
49
62
59
58
61
52
62
51
54
53
53
52
59
58
51
48
50
53
48
53
49
59
56
50
67
46
63
61
42
57
49
37
45
55
62
42
55
55
57
59
41
54
49
64
51
52
58
45
51
53
54
58
68
56
55
65
57
71
52
47
59
66
54
56
63
60
64
58
48
59
61
54
52
50
56
69
57
51
63
53
60
57
59
60
46
50
59
44
56
67
65
60
63
75
66
58
59
77
57
48
61
59
49
66
42
63
49
58
71
61
56
56
51
75
50
47
65
77
55
67
58
54
52
51
51
62
60
53
54
54
52
64
51
58
62
50
56
59
59
51
46
54
67
60
69
65
58
48
53
59
62
46
61
56
45
57
51
56
55
39
62
61
53
65
58
69
76
66
54
68
51
61
62
55
70
61
78
65
51
56
56
51
71
51
53
38
59
68
54
69
55
54
64
54
61
58
63
57
63
53
55
64
41
67
74
58
72
43
60
61
69
64
47
59
57
58
59
58
63
55
66
64
58
59
51
61
61
60
67
55
55
59
65
46
69
70
53
64
62
56
60
62
51
51
64
53
51
66
51
47
58
49
56
65
84
70
55
59
51
64
50
49
72
61
55
56
48
63
51
57
58
55
57
59
66
60
69
69
58
76
63
54
54
68
60
76
58
52
63
61
60
69
62
52
70
71
59
69
58
68
56
58
61
48
53
58
63
56
68
71
53
65
55
56
69
52
58
75
62
73
48
65
54
53
67
67
47
51
66
59
74
78
54
66
62
51
56
55
53
54
53
74
66
58
60
48
50
53
63
56
55
75
61
71
65
57
60
69
52
57
60
57
48
60
57
58
61
59
62
65
70
64
58
53
63
68
67
52
55
58
51
63
60
56
67
71
61
77
65
70
45
54
73
66
62
74
69
71
76
67
72
72
68
53
71
67
64
66
48
58
58
67
72
70
66
51
65
69
75
60
49
61
59
75
63
89
62
59
64
60
72
67
51
51
67
66
69
51
63
62
60
79
67
53
59
58
61
50
69
61
72
62
73
51
48
70
47
63
58
63
56
60
51
57
47
66
68
56
51
66
52
64
59
60
64
77
50
69
61
62
71
53
66
64
78
76
63
62
69
64
80
61
62
61
66
66
80
73
53
60
59
47
59
72
59
61
70
57
61
63
58
55
67
58
56
72
56
64
53
78
56
61
50
63
57
62
73
55
59
65
61
70
54
83
61
62
69
59
65
71
58
59
59
58
68
69
55
58
62
69
53
65
79
66
57
66
67
71
68
67
67
64
75
71
71
58
65
69
64
74
69
82
63
68
67
59
73
71
73
68
54
65
59
79
59
64
57
55
64
60
67
60
57
62
76
69
65
64
80
66
67
60
71
87
66
70
73
76
64
72
65
62
73
80
66
71
70
70
69
77
63
64
84
73
87
73
65
67
69
81
73
64
62
66
77
73
82
65
54
80
68
66
56
72
75
69
61
75
59
71
66
78
63
64
69
73
63
76
55
60
61
76
69
66
63
64
70
73
81
77
70
67
64
68
60
66
66
63
63
74
74
67
67
51
76
71
64
78
68
84
58
58
79
72
64
73
63
63
61
82
49
54
58
54
52
73
65
67
78
75
80
70
73
67
68
77
77
83
65
67
77
57
59
80
59
84
70
82
76
69
67
79
77
71
72
58
52
80
77
79
65
55
56
69
88
81
82
68
73
76
73
70
79
83
67
94
64
68
74
74
72
67
62
77
88
72
64
57
78
60
74
61
62
80
72
76
74
57
66
72
65
72
66
73
63
69
82
67
59
64
71
63
71
67
67
75
65
72
61
79
81
68
62
68
60
61
71
72
66
80
72
70
68
71
78
60
84
63
93
68
63
65
67
72
72
55
70
66
74
76
76
72
82
68
65
68
67
63
75
67
71
85
90
62
70
58
74
66
65
59
72
77
73
64
64
76
59
72
76
69
75
78
77
72
71
73
72
53
58
81
53
69
72
72
61
71
91
80
72
75
82
74
84
76
77
77
60
82
67
80
63
64
65
74
67
72
77
70
68
77
66
88
66
75
88
89
73
65
66
65
55
69
68
62
70
55
83
66
82
59
70
68
67
70
75
77
77
71
70
78
76
70
83
69
91
72
69
66
68
71
66
71
73
76
77
68
79
70
78
69
77
78
73
78
82
80
85
64
75
73
79
61
69
77
64
68
92
79
76
75
73
87
81
90
71
72
82
78
77
64
75
59
66
69
78
85
63
80
68
76
84
75
83
67
75
63
84
71
82
70
66
59
72
77
81
66
79
76
71
69
79
79
67
64
64
95
81
86
81
81
76
66
75
67
89
76
63
89
59
71
72
69
74
74
73
66
60
76
56
70
83
72
70
56
76
73
95
75
72
73
82
79
75
63
57
65
65
87
91
86
60
88
93
73
63
74
77
75
88
78
86
72
77
78
72
85
71
69
67
66
85
83
74
83
61
86
88
77
79
74
83
71
71
71
69
64
74
85
91
78
68
75
73
72
74
74
66
72
71
86
86
78
87
75
88
76
55
80
69
62
91
74
85
80
72
67
84
90
89
88
81
68
63
74
75
85
71
69
71
87
87
83
53
90
74
72
56
88
93
70
77
77
54
72
108
74
76
71
76
83
69
84
88
80
82
80
69
83
95
75
90
92
70
75
69
78
82
82
68
80
89
77
88
78
73
79
77
71
87
74
78
79
61
87
86
80
91
73
72
64
92
58
78
87
85
93
85
93
81
84
87
75
57
95
82
79
74
82
96
68
93
67
72
81
87
77
90
89
80
71
80
77
84
82
93
77
86
83
72
88
89
65
72
96
86
75
89
67
81
84
67
82
75
89
62
69
84
82
77
97
73
79
86
91
66
70
70
72
80
78
58
87
83
87
90
78
82
90
81
71
85
58
73
81
97
93
72
92
84
81
79
57
65
68
75
81
87
66
78
70
80
79
73
80
78
72
91
82
90
64
68
74
76
85
75
70
86
71
74
90
87
83
83
105
73
84
85
78
77
84
85
80
66
88
72
83
90
76
86
74
84
104
76
72
87
97
106
89
79
71
77
78
81
85
94
88
82
74
80
74
77
82
81
91
95
61
86
93
86
88
78
77
88
71
65
71
95
75
85
87
91
70
82
84
79
74
86
93
83
84
97
81
107
69
74
83
86
77
90
85
88
76
72
90
91
78
81
90
96
85
84
67
88
83
81
89
74
80
83
78
94
81
86
71
93
79
65
74
72
85
78
101
76
86
85
89
90
84
81
80
82
80
84
93
85
91
87
104
82
79
81
88
86
74
87
75
94
83
84
82
84
92
82
96
84
82
69
95
72
82
87
80
84
102
83
106
81
85
71
93
83
80
91
98
77
68
81
98
81
85
87
94
95
88
84
78
78
87
90
77
87
66
83
98
79
77
88
82
74
88
87
65
70
102
84
99
82
76
82
88
97
94
79
81
84
101
89
89
90
73
69
98
78
77
81
100
86
81
95
91
91
73
84
95
71
86
82
71
80
89
89
84
82
88
78
105
84
82
85
72
83
83
84
99
94
97
94
70
98
77
86
95
75
93
80
94
87
84
79
100
77
86
83
91
85
73
86
76
97
89
87
118
67
88
80
96
75
77
67
84
86
87
85
93
86
86
71
65
73
90
79
86
88
81
84
70
106
80
80
82
92
86
91
93
100
97
99
93
93
93
81
84
112
89
89
89
81
80
85
87
92
96
86
95
96
92
69
92
93
92
78
82
80
70
82
98
105
87
87
94
82
102
73
78
84
107
100
80
86
80
96
109
102
101
88
87
82
78
75
83
93
72
95
85
88
84
95
96
79
99
93
91
71
76
90
104
83
90
89
85
94
97
103
95
88
85
90
108
100
98
101
109
81
92
98
92
88
88
105
94
83
84
87
90
91
98
93
91
85
92
90
101
90
105
84
80
101
89
88
98
99
81
98
102
90
83
86
87
97
82
71
78
99
89
88
97
88
87
81
93
95
94
97
87
70
94
102
102
100
76
93
88
69
76
77
92
71
91
90
88
83
87
94
90
96
79
87
82
84
80
79
97
99
100
95
81
101
90
77
108
82
86
98
85
91
83
96
93
81
101
89
96
93
96
105
76
76
80
80
90
90
93
91
90
85
91
95
89
80
88
112
104
87
93
100
110
86
103
84
95
86
92
96
95
87
101
108
101
79
81
89
103
96
86
86
89
83
106
88
88
75
104
92
107
105
89
102
104
93
73
96
88
82
84
85
106
99
81
87
94
92
88
93
81
91
91
90
81
90
91
96
95
96
104
97
87
87
87
88
107
83
97
101
85
81
82
92
92
103
105
93
92
97
94
89
89
94
91
100
90
101
91
87
95
96
91
100
96
92
88
106
82
98
103
88
85
86
119
103
96
94
87
98
98
108
89
96
68
88
108
100
85
97
88
89
98
96
93
80
94
99
101
96
92
105
103
98
105
101
104
92
92
109
99
102
110
92
92
89
84
96
102
98
92
106
115
123
102
106
89
102
110
87
94
89
84
88
76
101
83
77
89
102
122
95
96
91
107
91
92
91
88
107
90
84
84
95
100
85
102
104
92
97
96
80
78
84
86
99
112
108
87
86
90
96
108
89
89
83
84
88
99
100
105
100
92
72
94
93
104
104
99
83
88
94
106
92
111
90
106
100
91
99
90
85
90
111
118
99
102
99
95
90
98
100
112
102
93
105
96
87
91
94
92
98
107
102
85
100
93
91
84
98
100
90
109
99
98
96
103
103
88
94
74
108
105
103
100
99
112
108
88
92
85
127
82
95
95
92
95
104
106
110
99
102
104
127
86
111
76
92
97
96
82
106
102
105
103
87
91
110
89
79
90
88
96
92
81
121
127
77
97
102
85
96
95
96
97
103
92
116
102
104
110
113
94
96
77
86
106
107
104
97
108
84
108
101
99
111
95
101
96
106
98
94
97
106
102
109
96
88
98
93
99
91
98
90
94
91
113
96
99
94
108
91
117
120
100
120
84
96
108
124
109
80
111
104
95
105
85
96
104
94
91
102
94
105
92
98
106
98
102
127
103
116
93
92
109
108
77
112
99
103
95
96
85
110
102
104
86
96
106
99
92
98
88
120
88
111
108
86
96
110
117
102
87
95
97
107
98
98
103
103
98
89
96
95
92
126
119
104
97
103
93
104
102
114
95
90
99
106
101
89
91
103
92
93
103
85
102
100
101
105
92
86
110
96
110
99
99
75
115
111
109
92
93
109
113
122
92
105
94
105
102
92
103
105
125
109
97
105
87
106
112
115
103
82
91
116
101
108
100
91
101
109
107
102
87
109
92
123
115
103
91
104
97
67
117
97
100
95
92
108
106
115
107
86
97
99
97
114
116
103
104
102
104
87
102
109
104
93
108
96
95
111
99
94
108
99
109
96
76
138
105
98
109
104
115
95
101
113
108
80
94
114
96
120
114
81
103
92
112
103
94
111
105
91
112
96
115
104
98
105
94
107
110
112
86
113
105
109
103
110
114
107
116
109
86
105
84
99
100
94
102
102
111
104
89
102
96
107
119
94
92
96
97
87
98
80
104
127
109
103
98
106
108
125
107
107
94
106
90
101
94
103
108
92
97
95
120
96
96
113
114
101
99
98
103
107
108
96
101
112
91
113
109
103
97
100
96
120
105
101
115
107
108
105
100
106
119
104
112
114
103
117
93
128
108
113
116
94
114
104
103
117
115
97
90
94
112
111
109
100
88
105
78
105
100
99
104
103
118
106
89
94
106
116
99
106
114
96
105
123
118
114
94
113
105
95
119
95
96
108
106
99
103
106
109
93
106
118
98
98
102
101
115
101
100
108
114
108
99
110
87
89
114
107
125
104
113
105
116
121
118
125
120
105
126
105
95
126
101
113
104
110
119
120
119
112
107
119
122
95
95
99
104
112
112
99
106
107
125
119
129
114
92
126
90
119
90
107
114
105
111
112
111
115
98
106
99
104
107
111
105
116
110
126
98
98
94
122
110
101
98
117
104
108
109
114
103
110
128
93
118
98
103
113
110
116
115
87
117
103
103
105
115
93
111
94
91
106
112
102
110
92
117
105
101
105
115
120
104
125
97
96
104
110
130
97
110
116
113
106
115
97
122
113
119
105
108
93
106
117
101
117
91
117
86
102
125
105
96
100
117
124
113
108
109
109
108
95
119
110
100
116
127
112
116
103
102
104
110
107
110
117
95
127
114
108
108
122
123
104
107
109
127
107
115
98
126
118
121
102
104
119
119
105
108
107
121
108
108
102
138
110
109
99
117
93
114
109
122
114
87
101
98
114
117
126
111
101
90
89
103
111
111
118
105
103
103
103
106
106
109
117
112
105
117
102
113
96
111
137
118
95
117
104
106
101
104
116
105
121
99
147
112
110
97
110
108
126
129
87
135
92
115
107
109
117
109
129
120
111
120
115
102
128
107
113
104
127
123
102
121
114
113
111
110
107
116
117
111
101
120
113
105
106
119
121
104
100
113
97
132
114
104
95
97
119
94
116
101
105
123
103
120
134
126
112
104
110
104
100
97
100
97
110
114
107
110
106
113
129
102
116
109
116
103
113
113
116
109
116
104
125
91
99
111
116
103
111
102
139
116
98
118
123
104
101
115
111
111
114
127
135
97
115
118
112
119
112
109
115
92
107
115
128
114
112
113
121
132
113
110
111
127
109
106
137
116
104
104
118
112
107
116
107
107
116
123
124
128
120
96
106
107
125
103
106
117
106
109
111
117
115
103
122
117
113
124
112
148
112
112
115
126
130
117
108
104
121
115
113
128
111
111
117
132
132
116
107
132
108
100
79
101
142
112
121
107
115
103
122
118
104
105
112
116
92
119
101
100
107
100
106
120
92
120
121
115
126
121
103
116
125
115
114
114
114
124
97
113
113
99
113
113
116
118
115
106
114
107
129
100
123
124
123
110
120
104
120
107
110
106
105
125
136
99
123
116
113
124
120
104
116
131
112
109
103
117
107
101
116
109
139
114
111
121
96
116
110
102
109
121
102
123
127
123
133
117
125
113
123
108
111
99
113
110
110
107
112
117
111
96
110
106
120
115
112
109
96
110
125
117
105
106
130
111
126
125
105
124
107
97
119
112
128
119
126
114
126
136
110
120
121
116
114
111
121
128
126
130
112
126
125
121
130
111
125
118
134
124
113
122
119
96
118
123
117
126
118
126
99
128
125
146
98
115
129
138
122
111
114
119
113
99
112
131
141
120
122
117
90
121
110
125
114
121
113
117
121
139
121
125
97
109
129
129
121
122
103
122
117
106
123
127
111
115
113
109
114
112
116
140
120
98
130
122
115
107
111
120
126
112
119
104
137
110
117
126
99
106
110
128
147
119
140
111
117
111
124
130
125
116
124
133
111
123
128
126
122
133
116
120
102
120
134
120
145
116
112
116
105
118
114
140
116
141
146
102
135
107
98
120
129
125
128
111
129
140
103
127
112
127
112
95
108
137
122
102
106
137
121
106
121
118
127
120
127
124
118
104
126
139
122
115
111
139
115
126
117
126
123
123
146
111
106
120
118
119
115
118
113
120
133
139
117
125
130
138
115
130
110
128
119
108
136
126
136
129
127
116
120
105
116
133
116
115
115
112
115
123
115
126
128
120
91
118
138
110
102
130
106
114
129
127
111
114
114
130
120
106
111
121
136
141
124
129
127
115
120
136
120
134
116
120
109
139
125
116
120
116
123
142
142
135
115
118
137
123
132
157
109
122
136
110
98
117
125
108
125
108
139
118
135
121
126
126
130
131
114
116
124
120
124
112
129
123
122
107
131
115
132
127
111
134
123
136
109
114
118
129
127
121
132
106
135
126
118
134
129
108
137
129
118
134
134
109
124
130
134
119
122
126
121
116
115
141
126
135
121
128
141
117
124
114
112
107
108
117
123
136
127
116
130
128
123
104
120
123
126
114
124
126
122
127
138
142
131
121
110
132
111
126
128
132
109
112
133
107
129
121
124
116
119
129
110
117
123
112
112
141
123
121
130
115
118
144
125
119
117
117
132
135
128
121
115
134
126
131
138
123
109
123
134
128
111
114
123
121
136
142
116
98
128
152
117
122
123
113
128
117
102
133
132
107
136
133
112
129
144
123
124
130
132
135
112
128
134
114
125
132
126
116
127
129
127
129
130
118
132
118
143
109
109
131
115
142
136
127
131
115
132
130
125
121
132
130
140
149
117
119
136
136
132
128
126
122
132
144
128
124
146
138
133
125
162
152
124
130
145
113
133
124
132
131
121
138
108
129
129
145
129
135
123
114
114
120
118
133
137
132
122
143
124
127
106
146
131
124
148
131
120
117
151
113
117
159
119
122
132
121
137
126
143
122
146
131
142
125
127
136
112
114
119
116
119
141
115
123
109
128
145
134
115
120
131
135
141
120
122
140
122
127
125
134
159
137
124
125
138
138
128
117
110
147
149
135
115
119
118
120
127
148
144
126
111
124
145
125
132
120
127
108
124
119
127
106
115
143
139
140
134
128
130
140
149
135
121
138
118
129
124
110
112
146
132
134
118
125
125
121
154
124
130
115
130
132
116
130
143
114
140
120
128
140
147
143
147
128
114
126
117
119
137
134
127
126
140
124
135
128
118
132
123
126
124
143
139
129
149
113
116
138
151
120
140
124
133
125
110
113
123
112
139
130
130
135
124
139
125
133
140
119
149
127
128
176
145
140
140
116
135
144
119
132
118
149
127
145
126
124
125
119
153
125
120
140
127
139
110
157
144
138
156
122
144
146
142
136
138
107
114
136
138
138
150
129
154
133
120
128
131
133
121
132
135
127
109
136
138
131
139
130
128
123
137
120
116
152
116
139
132
124
138
129
128
136
106
135
133
135
112
128
140
124
137
128
140
122
122
110
117
157
123
160
133
149
139
136
137
119
144
133
124
113
141
126
137
111
152
143
150
119
142
113
142
146
112
129
131
137
117
126
137
119
150
127
131
129
156
143
119
126
123
126
131
119
129
119
153
117
124
140
124
129
128
153
134
130
154
128
121
126
160
126
134
130
140
143
131
122
129
120
114
116
137
145
128
124
133
150
141
128
146
145
138
129
128
121
117
139
131
138
158
147
143
137
145
135
144
150
128
148
124
112
119
128
127
108
130
148
129
114
121
138
133
141
157
110
138
142
127
142
126
135
147
135
136
134
136
117
137
143
132
127
134
126
133
133
129
156
150
118
122
138
121
144
118
141
140
135
127
129
157
117
140
137
135
140
141
123
132
132
148
148
135
145
139
140
134
125
128
148
139
140
136
124
144
149
144
135
139
118
150
131
137
166
136
152
147
140
144
144
131
122
136
156
140
135
135
144
138
142
139
132
138
144
125
140
127
123
118
155
131
154
141
135
135
126
149
126
121
138
130
129
144
147
144
144
144
135
144
143
127
125
123
144
141
134
127
139
125
139
130
149
141
131
144
122
149
140
138
124
127
148
121
132
123
125
141
149
152
137
142
148
146
145
130
146
159
146
124
138
145
122
137
123
130
134
147
130
139
148
144
136
150
123
138
143
140
168
148
141
142
134
129
131
149
133
130
126
144
138
129
129
140
147
120
150
117
135
125
125
122
150
143
132
165
137
131
142
156
132
140
136
145
118
151
156
109
139
133
135
135
143
132
150
113
144
134
143
138
132
151
123
138
120
136
134
137
121
134
128
140
153
139
153
171
134
127
150
126
155
133
125
136
142
127
122
153
145
125
141
125
127
131
154
142
162
124
160
138
126
143
138
135
151
123
141
145
150
125
136
131
129
139
125
161
148
138
142
143
131
128
140
131
143
148
123
144
134
135
146
148
164
132
132
129
108
131
148
125
140
133
138
158
140
149
152
134
149
143
131
133
145
140
118
125
152
129
160
161
142
123
142
128
135
152
144
160
161
137
147
147
145
121
140
125
148
144
130
137
127
163
136
138
140
140
132
142
126
149
150
140
141
148
147
133
154
145
164
136
148
158
143
149
149
136
132
158
142
138
152
145
149
139
133
127
141
145
134
138
141
148
155
151
180
143
166
133
129
159
153
172
129
127
147
137
140
129
157
148
141
143
124
140
125
121
119
159
150
129
166
141
130
135
130
140
137
155
121
147
148
139
147
144
135
171
150
135
144
142
127
139
124
153
155
171
147
141
146
153
129
159
133
134
139
159
156
142
150
155
138
154
142
118
161
176
180
128
148
155
152
151
124
154
138
116
135
151
155
180
133
138
131
155
155
173
156
151
137
138
156
154
142
158
130
160
160
142
136
168
132
157
139
140
157
129
165
139
153
134
147
148
153
129
154
153
136
137
114
145
153
153
155
130
143
139
164
169
152
131
149
138
168
165
126
147
140
141
132
163
156
130
135
144
139
134
158
158
132
128
131
147
142
134
145
149
172
137
146
143
135
164
151
139
137
151
162
148
127
128
130
140
150
150
132
158
160
139
134
125
153
144
144
152
160
164
144
139
143
159
153
157
147
143
155
131
148
124
151
146
138
136
130
138
129
142
124
157
158
155
151
141
135
150
133
166
147
164
171
133
162
132
133
156
141
157
146
141
144
136
138
149
136
142
171
154
141
163
139
159
132
162
153
157
130
139
154
157
147
163
130
156
138
136
163
149
139
141
143
151
149
166
149
175
179
138
132
145
138
147
167
139
152
164
146
151
131
148
158
147
144
149
151
131
145
136
143
159
157
163
139
164
149
150
148
156
136
152
127
162
132
144
139
142
133
173
135
145
176
144
174
153
170
169
148
148
141
154
160
141
151
144
151
160
148
155
137
154
150
133
149
145
167
142
152
137
139
163
136
167
156
144
178
147
150
176
154
147
158
141
152
160
158
147
156
154
127
137
150
157
153
148
135
153
159
171
136
154
121
142
162
154
157
161
159
146
138
169
156
150
161
121
155
133
136
159
128
134
132
164
125
148
179
155
157
146
148
162
138
160
147
138
146
145
158
153
141
153
160
159
159
164
170
167
153
146
160
159
175
158
145
148
145
154
157
137
147
128
167
173
156
146
142
170
159
164
127
167
165
161
136
154
117
128
150
160
140
158
161
156
161
178
161
142
159
159
144
173
136
157
132
158
130
117
144
138
149
139
171
142
137
156
161
145
162
135
172
144
141
145
148
154
126
143
147
156
153
151
159
148
139
146
134
146
152
147
153
149
144
138
150
155
175
153
139
139
152
150
182
138
170
147
132
165
131
163
149
170
150
145
165
136
150
142
156
173
130
147
176
162
168
157
160
144
159
142
146
146
154
141
146
167
148
160
167
173
165
140
162
168
144
141
150
140
160
151
148
129
148
153
157
145
163
146
153
151
165
153
154
150
178
161
165
157
155
155
154
169
130
157
137
155
155
149
156
142
146
166
165
151
145
140
161
171
158
162
141
154
172
165
161
150
171
140
173
153
144
164
171
147
152
150
152
162
164
164
152
145
138
172
162
156
169
151
168
190
140
146
160
151
149
134
155
135
161
152
173
148
163
156
144
149
143
156
157
163
144
149
154
126
147
149
167
155
156
175
164
164
175
168
183
154
163
138
149
149
156
164
155
153
152
150
147
163
166
154
154
166
144
166
147
170
137
163
157
154
156
138
180
144
157
184
160
153
169
141
169
165
157
151
146
156
167
155
172
178
150
152
161
167
161
161
140
164
178
172
154
166
169
146
171
185
139
185
146
168
150
162
147
160
134
164
144
175
143
158
139
157
171
150
162
152
139
143
170
167
170
168
185
135
140
127
158
177
163
146
161
158
146
157
172
173
159
135
174
184
141
166
165
156
184
158
178
157
171
158
185
155
158
166
163
182
156
158
144
159
147
160
159
152
141
177
154
152
121
138
172
167
168
161
148
175
167
158
177
181
216
158
147
162
168
144
139
134
161
139
138
172
171
148
130
174
160
137
153
152
198
172
166
135
156
163
162
148
173
150
153
163
148
182
153
176
160
153
160
169
174
162
158
174
146
142
173
179
152
153
166
153
155
164
159
163
164
153
159
166
156
168
156
153
165
161
175
162
151
185
163
141
143
163
155
154
182
146
189
136
145
180
156
157
167
167
150
155
160
164
169
177
182
153
156
144
174
170
171
160
168
170
178
138
156
158
156
150
177
168
143
159
169
172
172
169
180
179
157
165
169
165
159
140
151
169
150
166
158
152
177
171
165
168
156
170
173
173
157
168
160
180
169
149
151
163
154
150
181
152
178
154
175
162
182
138
157
170
171
168
139
154
180
168
166
137
169
126
165
139
169
167
157
158
152
161
174
170
158
188
194
139
152
144
159
174
176
178
185
149
169
166
148
197
165
161
153
163
162
149
143
158
157
180
160
184
149
176
167
147
166
153
177
172
167
150
161
163
161
161
168
165
176
134
144
163
191
194
183
142
157
161
186
176
181
170
153
156
145
134
160
162
161
166
158
159
151
138
195
167
153
150
153
179
182
170
158
193
144
157
152
164
166
179
148
170
175
148
140
172
161
166
174
163
153
162
159
165
169
169
169
193
147
184
157
162
154
153
155
155
163
170
173
179
167
171
156
171
161
178
170
164
171
179
154
170
168
147
129
157
170
161
164
165
150
164
154
190
180
168
173
171
170
169
160
184
176
163
144
159
159
154
200
186
178
176
149
146
165
144
168
176
163
173
152
176
140
147
163
156
201
169
177
178
162
151
157
162
154
149
160
144
161
182
200
167
183
158
168
177
161
176
201
157
166
193
153
155
168
156
178
167
161
172
174
168
159
161
170
169
165
153
174
158
142
159
159
168
148
155
168
167
163
152
161
152
167
156
172
166
166
172
181
184
181
160
169
151
185
189
161
167
175
151
164
162
184
164
155
152
164
200
150
159
166
142
164
178
172
144
184
158
146
162
182
175
190
183
180
158
191
169
163
165
184
178
160
153
160
196
179
164
174
175
173
169
178
148
178
156
157
181
169
170
196
164
162
181
168
159
176
191
185
173
160
172
164
165
152
163
174
191
175
177
186
164
179
146
178
194
180
180
174
168
157
157
173
188
170
165
158
154
152
166
171
165
205
191
173
163
155
171
166
162
179
163
174
170
184
173
168
176
159
142
183
189
184
181
177
161
186
150
171
167
150
159
169
167
163
154
183
192
154
171
173
151
177
163
180
171
164
176
164
204
156
167
133
171
171
160
174
177
172
142
167
162
172
156
183
177
157
167
176
173
179
180
191
176
176
181
170
154
187
143
164
175
152
162
176
194
187
148
157
163
177
154
166
186
181
150
198
154
172
140
190
168
176
176
138
170
156
182
180
198
169
165
166
195
165
175
170
180
175
156
172
156
156
185
154
169
157
184
180
157
171
170
175
159
169
167
177
173
166
174
174
155
200
166
179
180
164
180
181
165
167
190
177
165
175
150
153
198
160
182
165
180
187
174
179
159
191
185
165
167
168
184
167
187
166
185
175
170
168
184
180
171
167
160
187
166
173
190
177
192
186
175
191
163
162
170
174
172
175
159
181
176
167
181
179
188
177
173
165
175
161
177
186
154
169
179
168
164
173
159
163
160
158
164
176
194
179
167
188
164
171
177
191
167
196
175
200
169
157
159
159
195
170
190
153
166
190
185
178
183
171
180
167
179
186
173
169
185
181
170
181
177
178
149
179
188
183
183
185
178
172
165
178
172
147
199
175
187
188
177
176
196
172
182
176
173
178
169
175
159
184
195
159
180
181
173
174
182
184
184
176
175
192
192
192
186
189
164
175
168
157
170
189
179
177
161
184
176
167
183
168
160
167
154
184
170
168
175
187
199
173
189
171
183
207
186
164
160
181
187
173
171
187
158
182
155
189
181
199
170
190
190
199
184
171
164
161
179
204
174
173
173
183
189
188
167
175
177
178
185
175
172
192
177
180
173
161
170
193
195
194
195
192
176
167
191
183
174
205
192
190
178
190
150
162
170
198
177
186
163
169
179
171
182
187
166
176
191
177
158
176
163
173
169
179
188
174
186
153
164
163
187
176
189
173
170
175
172
181
194
184
164
173
160
159
183
167
178
170
191
181
179
176
198
195
187
195
177
208
192
208
161
169
175
171
199
171
179
161
169
190
199
178
175
172
173
177
179
165
171
188
199
170
180
168
171
156
182
167
193
164
192
159
168
168
164
200
155
177
190
203
182
181
191
179
159
177
185
173
173
151
162
181
193
183
160
184
158
182
175
183
177
186
198
186
183
179
171
176
203
195
194
178
184
178
167
189
172
192
172
189
164
177
188
174
171
195
179
191
178
176
174
192
198
193
169
175
171
160
165
178
188
162
177
195
200
162
181
180
188
164
166
180
192
182
197
186
190
180
175
176
203
173
169
193
183
175
171
164
179
188
171
172
188
167
189
181
183
177
163
169
175
188
205
178
164
172
189
171
185
167
188
193
169
189
196
168
156
180
196
181
181
189
186
166
161
211
194
179
159
160
203
180
178
178
206
182
165
204
175
174
143
181
182
153
184
182
188
194
192
205
180
145
187
175
169
199
189
194
164
181
175
184
181
165
188
160
173
188
225
160
211
187
151
194
191
194
160
166
182
159
176
188
173
169
179
180
181
149
193
187
190
181
182
175
184
181
207
211
182
151
170
197
180
207
160
195
184
188
178
196
170
171
169
173
204
182
186
181
174
189
212
152
190
154
181
181
194
179
189
177
186
187
189
169
168
201
203
211
195
177
196
180
183
165
164
192
184
179
187
204
174
220
188
199
188
181
175
196
175
172
185
195
192
165
195
170
178
185
191
179
190
193
191
171
192
211
188
197
190
187
188
196
210
173
181
193
169
195
181
185
189
202
203
175
183
187
192
189
187
191
200
180
174
165
181
180
194
180
182
171
193
179
182
209
178
177
171
175
186
198
175
172
226
177
175
193
183
183
177
190
197
192
186
176
207
197
184
173
199
184
175
203
197
203
195
157
203
192
201
195
200
182
173
180
210
196
189
182
183
166
194
173
176
188
187
214
180
186
193
190
171
187
189
184
187
189
171
207
171
213
177
181
188
183
175
181
191
186
172
162
198
194
193
196
175
182
191
183
164
204
166
182
172
203
184
185
189
197
187
165
189
192
207
198
195
175
171
200
179
187
195
172
192
197
185
186
184
173
181
196
196
177
164
189
192
188
195
194
208
205
194
184
204
171
176
154
182
155
204
181
165
183
178
196
187
193
170
203
204
183
169
158
174
186
179
218
185
190
198
169
213
196
174
202
179
203
203
176
184
212
164
187
197
193
157
193
178
176
175
176
177
172
186
196
195
199
183
196
192
174
183
191
201
177
166
202
196
188
191
179
185
176
186
203
199
186
193
174
205
179
174
195
178
191
193
180
205
198
187
204
219
165
173
183
186
183
177
210
187
196
199
201
179
177
186
182
198
198
179
176
203
204
182
199
193
188
182
204
213
187
199
195
192
187
181
207
203
162
166
189
198
193
198
173
190
193
180
194
164
199
197
182
204
166
184
169
184
213
208
176
186
198
197
189
195
197
172
205
184
206
179
195
172
164
201
191
191
191
194
207
191
206
196
196
194
194
171
174
167
204
171
208
173
180
179
159
183
195
206
192
192
166
195
166
197
221
186
192
215
186
210
197
175
179
198
193
208
179
183
175
181
189
229
202
163
170
193
195
211
215
213
183
195
200
180
174
185
185
177
190
211
170
181
192
187
192
206
193
182
193
193
201
195
207
184
194
170
199
178
181
176
190
188
204
200
200
195
195
178
191
199
190
175
195
178
199
190
187
185
205
202
195
214
196
210
211
185
182
191
187
181
201
196
185
214
189
202
185
194
185
173
201
197
191
185
205
189
212
195
181
210
204
167
195
191
201
207
180
210
206
216
226
183
206
165
184
166
195
206
209
200
197
199
213
179
190
199
215
183
202
210
185
205
225
205
193
208
188
198
182
192
204
207
198
209
184
176
189
191
199
179
199
204
196
204
202
195
166
191
206
181
204
181
200
206
188
193
207
198
192
180
198
174
192
208
175
209
166
210
202
206
203
210
177
202
187
185
168
194
197
207
192
217
192
182
180
210
211
193
194
185
211
192
205
192
203
199
187
232
181
175
198
204
170
185
204
185
180
190
178
186
171
199
182
197
186
181
168
198
191
214
179
195
201
194
168
212
211
178
181
204
193
196
185
192
203
182
237
171
200
208
214
198
195
197
185
198
214
181
203
198
210
197
204
221
215
198
165
195
205
211
181
201
183
211
213
215
203
192
184
193
206
215
208
171
198
217
186
231
207
203
186
189
176
173
182
193
193
227
189
200
178
194
214
203
199
201
200
207
206
204
215
217
180
201
203
201
217
178
210
181
194
231
205
188
177
185
198
198
184
218
181
179
211
183
213
208
205
221
205
194
209
189
210
197
192
189
210
198
193
219
198
203
208
225
202
217
201
207
201
169
204
204
201
186
204
204
196
207
195
204
201
197
215
205
207
192
203
209
198
199
199
196
203
205
203
195
190
204
206
181
180
207
