0
0
0
0
0
0
0
0
0
0
1
0
0
1
1
2
0
1
2
3
1
0
0
2
3
3
1
0
5
2
5
6
2
1
5
4
2
4
6
8
9
8
6
6
7
8
3
7
7
6
7
12
9
6
15
9
14
15
13
10
13
8
12
17
15
25
12
17
22
19
18
14
16
13
24
15
20
19
20
19
22
22
31
20
28
24
30
38
34
26
23
31
33
25
26
41
37
30
32
30
33
31
41
38
44
36
41
42
41
35
40
35
35
54
52
47
43
43
44
45
56
39
37
59
51
52
50
54
53
46
68
70
58
58
52
63
67
57
61
64
58
63
79
72
64
59
69
67
70
81
82
81
80
87
90
95
75
86
91
77
80
90
102
95
80
95
92
86
94
83
92
119
99
119
104
92
112
110
102
125
117
114
102
113
111
118
115
123
110
112
133
128
127
123
125
143
112
125
138
114
136
147
130
138
147
139
144
142
143
157
151
165
134
145
165
164
168
158
172
156
166
174
170
182
166
180
161
170
182
186
178
165
171
170
178
177
165
175
186
173
200
194
202
188
191
187
218
190
236
205
201
194
202
223
211
230
195
215
222
230
207
210
208
244
229
251
233
254
242
246
225
242
229
225
246
259
264
250
256
249
248
265
268
295
263
266
286
272
268
255
278
273
264
271
312
308
276
309
269
303
289
299
321
295
286
299
285
307
333
288
316
313
301
302
341
327
342
350
351
344
356
340
330
310
367
365
383
346
359
343
345
365
339
389
381
399
365
400
381
378
373
415
405
370
414
414
435
404
390
417
380
414
397
431
421
430
390
434
410
446
421
375
443
434
412
410
433
450
425
407
469
464
458
476
500
459
463
458
467
472
478
459
494
462
486
507
493
504
494
494
510
489
507
501
481
500
488
497
549
506
518
512
516
524
554
515
491
608
526
537
530
562
571
494
611
536
548
572
565
544
580
563
543
554
585
587
565
602
558
603
632
589
642
573
615
621
630
609
599
646
637
609
645
663
632
636
645
693
649
667
649
692
647
700
693
672
666
719
690
710
696
699
691
731
715
682
669
682
694
728
733
747
696
759
737
736
721
733
750
734
741
743
757
756
817
783
772
763
745
789
736
751
783
778
822
773
820
790
800
819
767
789
795
788
775
822
844
838
766
810
797
883
846
844
854
866
778
836
836
848
863
886
910
883
871
910
909
833
871
879
853
901
910
882
957
887
897
901
940
921
940
922
892
971
935
949
893
960
940
922
958
954
926
906
889
1010
983
999
1033
994
962
1021
985
1010
1036
1016
1038
984
1020
1020
957
1041
982
1070
1065
1046
1061
1055
1024
1047
1046
1114
1072
1010
1055
1046
1078
1094
1055
1141
1062
1048
1116
1146
1117
1147
1164
1142
1122
1149
1121
1167
1135
1169
1145
1180
1167
1173
1106
1175
1118
1199
1182
1125
1188
1219
1180
1197
1212
1191
1129
1222
1226
1210
1201
1236
1208
1285
1242
1250
1228
1247
1307
1309
1289
1296
1211
1270
1221
1263
1244
1262
1294
1279
1372
1310
1302
1349
1288
1283
1331
1314
1306
1377
1364
1336
1348
1386
1326
1308
1363
1362
1389
1382
1395
1365
1340
1364
1381
1414
1356
1352
1364
1426
1414
1463
1404
1480
1428
1452
1462
1421
1395
1462
1495
1426
1461
1504
1460
1483
1509
1445
1494
1396
1429
1498
1522
1471
1510
1462
1541
1560
1542
1479
1582
1544
1561
1518
1560
1591
1475
1622
1532
1562
1520
1585
1579
1521
1582
1574
1578
1579
1583
1618
1628
1568
1619
1582
1717
1606
1648
1626
1665
1590
1674
1688
1711
1689
1691
1736
1652
1637
1644
1674
1757
1729
1763
1763
1759
1695
1696
1767
1676
1705
1773
1722
1767
1693
1755
1732
1845
1844
1782
1829
1719
1746
1764
1829
1785
1805
1821
1871
1829
1825
1810
1801
1797
1855
1782
1766
1850
1883
1873
1901
1875
1877
1869
1878
1888
1883
1921
1866
1923
1977
1887
1946
1904
1903
1886
1926
1947
1919
1931
1956
1926
1945
1941
1957
1959
1914
1960
2011
1991
1994
1935
2019
1984
1992
2036
2026
1979
2034
2048
2018
2124
2074
2087
2049
2042
2094
2055
2072
2053
2011
2063
2025
2147
2121
2120
1993
2118
2102
2123
2102
2099
2156
2178
2176
2193
2137
2132
2115
2135
2171
2166
2177
2177
2218
2154
2163
2248
2233
2250
2196
2140
2235
2180
2213
2269
2198
2213
2314
2233
2220
2317
2224
2269
2252
2276
2213
2206
2319
2229
2292
2285
2331
2280
2358
2288
2334
2307
2325
2303
2322
2337
2367
2326
2214
2315
2344
2357
2372
2410
2435
2352
2337
2403
2466
2419
2414
2380
2452
2499
2460
2421
2377
2406
2396
2439
2464
2439
2489
2493
2479
2502
2471
2476
2521
2495
2495
2478
2490
2474
2576
2572
2513
2600
2563
2479
2555
2620
2581
2596
2483
2563
2672
2592
2596
2553
2631
2635
2629
2521
2618
2579
2603
2542
2604
2650
2662
2721
2596
2627
2685
2684
2658
2710
2661
2595
2709
2623
2713
2694
2675
2800
2711
2762
2653
2765
2659
2755
2789
2670
2727
2725
2815
2754
2835
2736
2822
2771
2767
2841
2826
2774
2812
2895
2811
2741
2834
