0
0
0
0
0
0
0
0
0
0
0
0
0
0
1
0
0
0
1
0
0
0
0
1
0
0
0
0
1
1
0
1
0
0
2
0
3
2
0
0
1
0
0
1
1
0
0
1
2
1
1
0
0
0
2
1
3
4
0
2
0
1
2
1
1
3
1
0
1
3
2
0
0
4
3
3
4
3
0
2
2
2
1
1
1
1
4
3
4
1
2
1
0
1
2
3
5
3
4
2
1
7
2
1
3
7
4
7
4
3
4
6
4
1
3
4
3
5
0
5
5
2
5
3
4
3
8
2
4
6
3
7
7
7
7
1
5
3
8
3
9
5
6
11
8
3
5
5
6
8
11
10
6
3
4
8
8
6
12
4
8
6
8
9
11
11
5
12
8
13
13
9
9
11
13
8
11
7
12
7
10
11
11
9
12
6
8
12
8
13
16
12
11
15
13
12
11
14
17
18
20
14
13
15
15
15
18
15
17
10
14
14
15
12
13
13
13
14
18
9
21
18
14
24
20
15
18
21
11
20
15
26
19
23
21
20
21
19
8
28
22
22
22
17
19
18
23
22
19
22
28
30
22
13
23
16
25
25
20
16
29
14
27
29
20
22
29
21
26
30
24
20
38
20
26
28
25
20
29
26
22
21
23
25
31
33
27
24
34
29
25
34
30
20
21
35
32
28
22
33
26
31
27
31
39
32
34
28
28
25
30
35
26
30
29
42
27
37
47
43
42
43
25
36
28
27
24
28
33
38
30
28
34
52
29
30
44
33
45
40
40
35
39
44
27
48
49
40
30
30
45
32
34
36
43
36
49
41
47
38
48
38
40
37
37
32
52
39
58
45
43
44
50
51
42
37
44
47
45
44
41
54
45
43
45
56
44
50
63
58
44
62
53
49
41
48
46
37
66
56
58
50
59
58
53
47
55
57
57
52
71
53
54
53
55
57
62
61
57
50
49
44
49
54
62
51
57
62
57
60
71
68
68
53
60
69
45
68
53
67
72
66
64
70
67
49
68
52
60
60
73
66
67
79
61
68
83
76
63
78
55
57
65
94
71
72
95
72
70
90
77
57
66
76
85
77
75
90
81
77
73
71
85
79
80
73
62
76
78
85
67
88
91
89
82
97
74
96
74
67
77
76
79
84
83
71
90
63
77
81
81
83
93
83
84
86
87
107
80
87
94
85
76
89
103
96
94
85
99
94
116
88
104
90
89
105
97
87
98
93
103
99
95
106
98
110
99
103
100
89
105
109
93
95
110
101
105
96
84
101
100
109
100
100
99
106
120
97
85
110
110
106
116
114
108
124
96
91
117
100
110
109
116
133
116
119
109
102
128
129
87
101
114
136
104
128
135
118
117
103
114
136
108
140
120
113
124
123
124
116
155
113
128
127
110
117
117
138
125
127
142
134
120
137
125
131
135
133
124
112
119
135
140
136
129
121
127
130
142
150
124
131
142
118
137
142
149
152
132
133
140
142
133
165
124
136
154
152
128
153
142
153
145
126
157
154
133
165
120
136
150
141
185
152
127
170
148
151
165
157
139
147
163
138
171
157
169
155
147
153
161
180
163
143
162
146
153
152
160
148
149
157
167
158
155
153
176
160
172
185
157
181
172
176
163
156
165
171
170
149
165
173
138
178
180
196
186
192
196
172
168
175
178
172
188
190
190
179
181
176
188
179
162
189
178
181
195
183
183
203
225
202
202
178
180
178
189
187
213
185
194
178
186
210
187
196
185
177
200
202
182
189
197
181
202
202
190
190
205
222
195
219
186
202
197
218
190
190
218
190
195
205
239
221
190
218
210
203
187
213
210
209
231
208
234
194
206
203
200
212
204
215
233
203
225
243
203
211
207
227
213
226
234
247
218
227
229
220
238
244
223
229
240
253
223
242
222
222
234
225
252
249
210
243
246
230
233
218
249
261
244
246
221
262
252
216
265
270
223
255
231
231
248
244
221
243
252
251
252
253
251
260
245
234
259
224
259
237
249
266
241
259
226
282
272
278
263
250
294
245
248
256
280
253
285
261
266
268
276
247
271
280
280
252
269
255
268
269
292
286
280
280
260
300
270
303
289
280
278
260
288
284
293
259
320
298
259
272
276
276
280
297
286
298
267
311
275
280
267
276
290
312
304
297
278
302
293
296
289
315
309
316
296
310
307
285
344
306
297
284
303
317
272
279
334
325
334
318
320
334
298
297
298
308
339
294
301
263
314
326
320
303
338
312
319
320
307
352
345
341
320
314
343
320
315
320
310
334
312
344
