0
0
0
0
0
0
1
0
0
0
0
0
0
0
0
0
1
0
0
0
0
0
0
1
0
0
0
0
0
0
1
0
0
1
2
2
0
2
3
1
0
1
2
1
2
4
3
1
2
0
3
4
3
3
2
3
1
4
2
1
2
3
7
1
4
2
2
1
2
2
4
2
2
7
4
1
4
0
5
6
3
1
4
3
8
4
6
7
1
6
10
3
8
4
4
2
5
5
8
6
8
8
0
8
10
7
3
8
5
7
11
8
10
9
9
7
8
15
8
12
12
8
6
13
15
13
7
6
8
15
11
9
12
13
11
14
12
15
10
9
3
12
14
11
7
8
7
19
12
13
16
22
13
15
14
12
15
17
12
12
24
14
25
14
15
21
17
13
23
31
15
19
16
20
25
24
24
17
17
27
23
13
31
27
26
13
16
24
23
22
30
18
25
28
16
30
19
20
27
30
35
25
19
16
20
27
33
22
26
33
35
31
34
33
14
29
27
23
33
32
29
37
34
38
35
28
42
34
28
30
32
42
33
31
31
42
25
41
29
34
42
32
39
37
38
37
36
48
45
42
41
36
36
32
37
46
40
39
28
38
51
46
51
46
50
41
48
28
30
50
35
46
51
46
47
51
36
44
46
45
42
39
50
41
54
55
46
56
45
51
58
52
36
62
50
33
55
50
64
58
61
59
64
48
65
58
47
52
67
52
52
59
51
56
57
55
50
69
62
46
73
80
56
68
74
60
69
53
74
54
72
74
57
70
76
63
60
75
70
67
67
85
65
68
80
83
88
76
77
66
84
76
72
81
76
74
63
79
74
74
80
78
76
80
76
66
88
84
81
83
72
99
85
85
93
73
88
78
101
97
77
93
77
92
92
100
88
117
94
86
84
86
89
89
97
87
100
87
92
99
103
82
101
100
87
94
105
97
95
98
98
101
84
108
115
109
96
108
107
129
116
117
115
107
121
112
105
92
100
120
108
99
134
128
109
106
109
128
122
125
124
131
117
116
133
132
137
116
119
122
127
127
135
145
132
138
141
121
131
138
150
140
126
132
130
137
137
121
118
143
147
133
143
147
149
141
125
148
156
157
150
136
123
161
142
171
146
165
152
151
137
143
144
126
137
147
166
157
167
157
143
166
139
158
129
150
163
154
147
148
164
160
180
174
168
168
153
175
153
154
169
190
159
162
159
176
171
189
172
187
172
178
194
183
171
167
188
179
173
195
169
199
206
195
142
191
201
191
202
183
153
187
172
189
209
193
200
170
179
185
201
199
191
188
220
175
183
190
188
201
210
204
184
203
205
207
190
177
214
205
229
231
218
208
193
206
195
186
208
241
201
213
203
196
199
193
211
209
215
215
225
227
227
237
219
200
220
235
219
230
229
222
213
227
235
268
219
242
240
225
237
234
222
227
239
246
218
254
231
246
229
232
246
221
241
254
239
233
224
237
272
222
239
237
251
234
246
248
237
254
218
277
217
239
227
247
229
244
257
267
247
239
285
264
278
266
248
292
240
239
252
274
263
290
284
292
277
272
288
272
263
300
266
275
289
274
281
273
268
303
294
285
275
292
301
313
271
312
281
278
303
314
313
298
323
281
291
300
279
294
279
323
277
310
304
322
324
321
322
307
324
325
306
308
291
342
322
354
336
336
338
288
324
334
324
352
298
315
314
321
350
328
319
332
319
329
320
332
330
347
329
327
346
310
358
361
330
346
298
353
353
338
342
347
373
380
348
363
394
389
332
379
383
374
358
336
377
364
327
342
372
384
357
367
357
404
383
371
402
371
393
363
343
367
383
354
374
403
337
428
359
354
379
408
381
386
390
413
398
388
393
421
390
409
414
407
350
388
418
388
422
401
394
397
393
352
394
422
383
416
414
419
414
428
387
419
453
419
429
417
421
437
441
405
423
410
433
399
425
444
438
440
436
481
407
454
430
427
463
444
436
456
408
441
445
464
446
460
440
478
453
435
417
456
466
470
448
461
451
480
482
461
439
499
477
464
487
461
467
477
505
446
461
502
469
495
507
480
483
486
504
429
490
548
508
459
464
468
539
476
458
486
496
465
480
519
495
484
524
471
487
529
526
544
503
493
547
501
504
523
571
490
525
517
515
545
481
508
496
499
520
538
530
545
507
516
506
469
509
585
526
534
581
580
572
547
553
560
530
548
520
546
555
549
524
545
563
568
577
582
546
553
572
552
500
513
534
530
529
572
583
589
580
606
567
597
546
561
544
620
531
609
591
595
584
599
593
585
642
610
