1
2
1
1
2
4
3
4
5
8
4
8
4
6
9
5
11
7
4
3
9
10
4
12
11
8
14
18
7
8
11
11
15
20
16
18
22
18
18
16
17
27
23
21
20
25
18
14
15
19
21
25
20
25
24
26
23
24
27
25
21
21
22
24
28
29
29
17
33
25
29
28
41
32
36
27
29
24
36
37
32
33
42
53
50
29
39
33
37
41
52
39
39
33
37
37
38
46
32
41
40
43
54
41
35
44
57
46
52
53
54
44
52
37
58
40
40
47
51
56
45
43
52
59
59
43
55
60
58
54
62
51
70
63
55
76
74
64
65
61
58
60
64
48
60
72
71
60
58
63
68
62
59
57
66
71
76
72
76
52
55
70
68
78
76
75
76
80
78
63
73
65
65
67
71
76
77
66
72
80
77
71
79
82
86
60
78
82
88
86
83
78
81
65
91
87
76
93
89
78
95
93
98
70
86
76
79
85
102
83
80
90
86
87
83
97
83
80
89
98
81
98
95
91
81
91
90
107
89
90
111
111
94
107
91
101
110
99
114
99
87
95
106
97
116
101
122
105
95
112
93
97
117
104
112
115
102
98
125
105
134
111
100
115
116
110
113
106
94
106
116
122
116
111
130
105
116
117
121
127
114
135
128
113
116
125
111
110
121
104
118
121
117
132
125
103
122
116
128
148
139
137
127
129
130
137
120
128
116
146
120
110
143
138
122
108
122
123
137
129
136
158
147
136
138
143
129
133
136
132
146
149
145
144
119
143
125
138
140
154
128
144
137
158
164
154
143
142
162
146
145
158
149
165
169
133
154
163
145
183
149
159
142
143
158
130
145
165
169
136
155
173
173
135
164
169
161
178
166
140
170
170
156
165
150
172
142
179
140
168
175
160
165
164
150
193
164
168
189
160
156
168
167
173
165
167
179
166
173
167
169
187
187
174
165
175
170
186
175
175
197
173
185
186
164
190
179
200
179
190
188
166
161
198
200
209
192
176
155
214
174
187
178
186
180
224
183
191
176
176
198
202
206
204
197
199
183
183
199
180
199
173
194
207
194
215
189
225
190
193
193
201
245
192
175
201
218
208
216
203
213
175
206
238
210
181
199
209
213
233
203
211
202
178
224
199
204
198
197
208
210
201
229
213
207
223
221
204
218
229
207
206
210
223
209
241
217
221
218
225
231
218
202
233
226
238
203
215
214
236
236
189
230
223
228
231
235
230
243
217
231
201
238
222
208
259
244
246
241
258
246
247
239
233
218
231
215
225
234
244
274
233
236
211
231
243
239
235
239
254
240
225
250
233
238
234
260
277
223
262
229
257
242
244
242
247
259
265
266
257
236
235
239
239
264
234
230
257
254
252
277
246
263
274
271
256
213
260
272
284
260
240
274
255
244
263
243
271
250
226
270
243
244
267
272
258
274
278
250
253
290
258
228
281
239
253
288
284
275
274
254
268
286
278
265
263
265
285
309
288
260
289
284
292
279
274
308
266
278
270
278
253
303
297
273
258
254
303
265
286
278
259
267
272
287
264
289
283
289
280
287
279
300
285
298
287
308
268
276
300
257
285
298
280
311
255
306
306
283
284
317
273
275
276
290
295
294
306
319
294
286
290
274
329
302
297
279
306
296
322
321
313
301
278
252
296
287
324
289
324
301
296
272
334
299
296
332
306
328
278
277
309
344
318
309
350
324
315
345
311
314
290
306
294
339
295
308
320
332
313
313
345
344
296
322
305
320
334
329
305
327
325
332
325
335
317
321
331
334
350
330
352
341
308
317
308
339
332
311
296
342
336
354
326
317
319
336
317
332
349
330
318
333
320
342
330
347
307
300
343
325
351
335
356
320
325
336
304
330
342
335
347
352
358
342
366
380
344
341
366
378
337
349
382
338
363
350
349
363
324
327
381
376
345
360
357
358
330
363
331
355
337
352
358
367
378
345
339
392
384
361
360
350
354
358
345
384
379
365
394
369
352
352
356
353
363
357
400
344
351
391
369
363
359
340
386
364
379
397
392
376
348
377
399
360
373
369
375
372
389
354
382
373
405
386
379
406
393
387
340
374
361
395
389
383
367
379
408
343
419
387
377
352
370
374
395
381
411
341
365
387
396
364
382
385
393
393
402
397
398
419
385
401
369
411
416
390
382
422
377
416
374
426
405
376
402
390
403
410
388
427
394
378
345
400
406
408
440
406
396
408
387
418
425
408
384
446
414
437
403
394
426
390
379
435
415
417
441
392
399
412
426
434
426
438
421
428
419
414
381
