0
0
1
0
0
0
2
1
1
1
1
3
3
6
2
3
0
2
4
4
3
8
5
6
4
7
6
3
3
4
6
4
7
3
10
11
9
9
8
11
6
10
11
7
8
11
8
7
6
11
5
6
7
11
11
12
11
8
10
14
9
13
10
15
9
10
8
16
22
11
14
11
15
14
23
17
25
14
17
21
23
23
11
21
11
20
18
19
12
18
11
14
18
20
32
16
23
13
14
18
22
18
26
21
19
13
18
20
26
16
29
19
24
26
31
27
21
33
22
25
19
40
26
20
19
23
25
27
23
27
27
24
24
19
26
28
23
27
32
27
32
31
37
23
26
24
17
32
36
33
38
32
26
41
37
29
22
29
36
38
31
33
36
22
33
25
36
37
30
32
46
40
37
27
36
38
40
36
53
38
38
30
45
28
34
35
40
36
39
45
39
55
43
45
31
38
35
40
39
46
39
35
33
47
23
29
40
48
40
42
63
37
42
47
41
53
48
39
40
45
38
45
43
35
40
48
62
50
50
51
42
49
45
48
42
52
45
41
52
49
51
55
49
62
57
55
54
58
53
56
56
56
47
48
55
42
55
43
51
48
42
65
58
46
67
63
49
53
58
53
50
52
43
56
56
55
53
57
57
57
58
62
55
52
50
48
69
48
51
52
58
55
56
55
58
63
67
57
42
49
60
53
50
43
60
62
65
50
75
81
88
66
58
60
66
56
76
76
74
61
53
71
58
56
52
66
61
67
62
65
57
76
73
51
81
52
61
77
69
85
69
69
67
79
74
69
71
69
74
77
68
62
69
64
65
57
63
87
82
75
76
67
71
71
78
88
79
73
81
73
86
72
72
89
83
84
82
74
75
75
52
74
78
65
92
80
84
90
89
77
82
86
74
80
83
82
76
88
100
71
80
86
71
81
65
82
89
91
85
71
87
80
63
83
93
75
84
80
66
93
90
87
99
85
100
80
71
81
80
77
83
85
98
105
94
106
74
89
91
79
80
99
93
82
91
78
106
81
95
92
90
100
82
97
87
91
79
96
88
102
76
93
109
104
76
96
100
95
104
92
103
80
79
93
99
99
90
84
106
90
94
107
112
94
105
110
96
102
102
104
108
95
98
99
113
100
93
89
95
101
97
92
102
101
94
111
107
127
98
102
117
98
118
99
116
110
104
101
92
99
111
97
105
102
110
110
93
116
103
109
111
90
121
114
122
114
125
116
98
112
92
101
121
111
102
103
118
99
125
100
110
119
125
96
113
118
105
124
113
114
99
138
123
111
125
117
115
131
112
105
105
107
131
130
110
111
106
105
108
120
110
113
112
116
103
126
115
112
109
115
128
115
117
109
123
111
119
118
122
123
129
130
130
127
118
141
121
107
122
118
115
112
128
120
96
126
123
120
115
114
134
122
118
132
149
120
126
108
122
131
127
124
140
137
139
150
132
130
135
131
124
128
137
128
127
129
116
147
118
141
153
141
138
125
124
150
143
137
140
148
129
140
131
131
145
142
130
130
143
144
123
125
121
113
138
146
121
140
138
116
129
115
147
132
125
122
127
131
154
140
131
142
147
145
137
144
130
156
139
148
165
136
152
119
156
136
145
127
132
142
134
143
160
155
143
160
151
147
123
139
135
147
150
150
145
167
140
136
155
132
146
156
144
147
146
159
140
146
134
126
145
142
133
157
152
150
148
152
165
152
147
139
171
144
133
163
156
169
153
151
139
143
142
136
163
157
146
172
182
153
172
155
152
152
132
143
155
145
139
157
147
151
172
166
163
156
171
140
136
180
165
155
151
151
158
159
158
165
160
152
154
158
151
171
170
164
139
151
165
153
175
170
155
165
186
163
154
143
160
174
152
160
144
163
165
166
141
160
161
160
167
159
167
183
162
159
164
181
163
173
158
157
160
175
167
167
178
175
171
157
168
186
156
169
177
172
188
163
168
170
161
183
172
154
175
177
174
157
197
195
165
161
173
183
206
152
168
154
167
176
194
164
180
187
185
186
175
184
183
177
162
197
173
172
176
178
180
179
183
189
171
162
188
197
180
165
194
190
198
184
167
183
190
182
182
184
203
173
166
192
178
203
183
168
178
170
195
188
207
195
188
192
193
189
167
187
176
199
179
219
192
182
173
195
208
174
194
187
177
175
149
181
164
204
170
192
161
180
196
187
152
171
183
197
187
170
184
180
186
179
198
214
188
194
193
170
233
196
202
179
175
214
181
192
190
192
199
188
198
194
202
191
191
195
180
204
195
189
195
199
